0000000   00256   00257   00000   00000   00000   00000   00000   00000
0000010   00000   00000   00000   00000   00000   00000   00000   00000
*
0020200   00258   00514   00000   00000   00000   00000   00000   00000
0020210   00000   00000   00000   00000   00000   00000   00000   00000
*
0040600   00516   00772   00000   00000   00000   00000   00000   00000
0040610   00000   00000   00000   00000   00000   00000   00000   00000
*
0060a00   00774   01030   00000   00000   00000   00000   00000   00000
0060a10   00000   00000   00000   00000   00000   00000   00000   00000
*
0080e00   01032   01288   00000   00000   00000   00000   00000   00000
0080e10   00000   00000   00000   00000   00000   00000   00000   00000
*
00a1200   01290   01546   00000   00000   00000   00000   00000   00000
00a1210   00000   00000   00000   00000   00000   00000   00000   00000
*
00c1600   01548   01804   00000   00000   00000   00000   00000   00000
00c1610   00000   00000   00000   00000   00000   00000   00000   00000
*
00e1a00   01806   02062   00000   00000   00000   00000   00000   00000
00e1a10   00000   00000   00000   00000   00000   00000   00000   00000
*
0101e00   02064   02320   00000   00000   00000   00000   00000   00000
0101e10   00000   00000   00000   00000   00000   00000   00000   00000
*
0122200   02322   02578   00000   00000   00000   00000   00000   00000
0122210   00000   00000   00000   00000   00000   00000   00000   00000
*
0142600   02580   02836   00000   00000   00000   00000   00000   00000
0142610   00000   00000   00000   00000   00000   00000   00000   00000
*
0162a00   02838   03094   00000   00000   00000   00000   00000   00000
0162a10   00000   00000   00000   00000   00000   00000   00000   00000
*
0182e00   03096   03352   00000   00000   00000   00000   00000   00000
0182e10   00000   00000   00000   00000   00000   00000   00000   00000
*
01a3200   03354   03610   00000   00000   00000   00000   00000   00000
01a3210   00000   00000   00000   00000   00000   00000   00000   00000
*
01c3600   03612   03868   00000   00000   00000   00000   00000   00000
01c3610   00000   00000   00000   00000   00000   00000   00000   00000
*
01e3a00   03870   04126   00000   00000   00000   00000   00000   00000
01e3a10   00000   00000   00000   00000   00000   00000   00000   00000
*
0203e00   04128   04384   00000   00000   00000   00000   00000   00000
0203e10   00000   00000   00000   00000   00000   00000   00000   00000
*
0224200   04386   04642   00000   00000   00000   00000   00000   00000
0224210   00000   00000   00000   00000   00000   00000   00000   00000
*
0244600   04644   04900   00000   00000   00000   00000   00000   00000
0244610   00000   00000   00000   00000   00000   00000   00000   00000
*
0264a00   04902   05158   00000   00000   00000   00000   00000   00000
0264a10   00000   00000   00000   00000   00000   00000   00000   00000
*
0284e00   05160   05416   00000   00000   00000   00000   00000   00000
0284e10   00000   00000   00000   00000   00000   00000   00000   00000
*
02a5200   05418   05674   00000   00000   00000   00000   00000   00000
02a5210   00000   00000   00000   00000   00000   00000   00000   00000
*
02c5600   05676   05932   00000   00000   00000   00000   00000   00000
02c5610   00000   00000   00000   00000   00000   00000   00000   00000
*
02e5a00   05934   06190   00000   00000   00000   00000   00000   00000
02e5a10   00000   00000   00000   00000   00000   00000   00000   00000
*
0305e00   06192   06448   00000   00000   00000   00000   00000   00000
0305e10   00000   00000   00000   00000   00000   00000   00000   00000
*
0326200   06450   06706   00000   00000   00000   00000   00000   00000
0326210   00000   00000   00000   00000   00000   00000   00000   00000
*
0346600   06708   06964   00000   00000   00000   00000   00000   00000
0346610   00000   00000   00000   00000   00000   00000   00000   00000
*
0366a00   06966   07222   00000   00000   00000   00000   00000   00000
0366a10   00000   00000   00000   00000   00000   00000   00000   00000
*
0386e00   07224   07480   00000   00000   00000   00000   00000   00000
0386e10   00000   00000   00000   00000   00000   00000   00000   00000
*
03a7200   07482   07738   00000   00000   00000   00000   00000   00000
03a7210   00000   00000   00000   00000   00000   00000   00000   00000
*
03c7600   07740   07996   00000   00000   00000   00000   00000   00000
03c7610   00000   00000   00000   00000   00000   00000   00000   00000
*
03e7a00   07998   08254   00000   00000   00000   00000   00000   00000
03e7a10   00000   00000   00000   00000   00000   00000   00000   00000
*
0407e00   08256   08512   00000   00000   00000   00000   00000   00000
0407e10   00000   00000   00000   00000   00000   00000   00000   00000
*
0428200   08514   08770   00000   00000   00000   00000   00000   00000
0428210   00000   00000   00000   00000   00000   00000   00000   00000
*
0448600   08772   09028   00000   00000   00000   00000   00000   00000
0448610   00000   00000   00000   00000   00000   00000   00000   00000
*
0468a00   09030   09286   00000   00000   00000   00000   00000   00000
0468a10   00000   00000   00000   00000   00000   00000   00000   00000
*
0488e00   09288   09544   00000   00000   00000   00000   00000   00000
0488e10   00000   00000   00000   00000   00000   00000   00000   00000
*
04a9200   09546   09802   00000   00000   00000   00000   00000   00000
04a9210   00000   00000   00000   00000   00000   00000   00000   00000
*
04c9600   09804   10060   00000   00000   00000   00000   00000   00000
04c9610   00000   00000   00000   00000   00000   00000   00000   00000
*
04e9a00   10062   10318   00000   00000   00000   00000   00000   00000
04e9a10   00000   00000   00000   00000   00000   00000   00000   00000
*
0509e00   10320   10576   00000   00000   00000   00000   00000   00000
0509e10   00000   00000   00000   00000   00000   00000   00000   00000
*
052a200   10578   10834   00000   00000   00000   00000   00000   00000
052a210   00000   00000   00000   00000   00000   00000   00000   00000
*
054a600   10836   11092   00000   00000   00000   00000   00000   00000
054a610   00000   00000   00000   00000   00000   00000   00000   00000
*
056aa00   11094   11350   00000   00000   00000   00000   00000   00000
056aa10   00000   00000   00000   00000   00000   00000   00000   00000
*
058ae00   11352   11608   00000   00000   00000   00000   00000   00000
058ae10   00000   00000   00000   00000   00000   00000   00000   00000
*
05ab200   11610   11866   00000   00000   00000   00000   00000   00000
05ab210   00000   00000   00000   00000   00000   00000   00000   00000
*
05cb600   11868   12124   00000   00000   00000   00000   00000   00000
05cb610   00000   00000   00000   00000   00000   00000   00000   00000
*
05eba00   12126   12382   00000   00000   00000   00000   00000   00000
05eba10   00000   00000   00000   00000   00000   00000   00000   00000
*
060be00   12384   12640   00000   00000   00000   00000   00000   00000
060be10   00000   00000   00000   00000   00000   00000   00000   00000
*
062c200   12642   12898   00000   00000   00000   00000   00000   00000
062c210   00000   00000   00000   00000   00000   00000   00000   00000
*
064c600   12900   13156   00000   00000   00000   00000   00000   00000
064c610   00000   00000   00000   00000   00000   00000   00000   00000
*
066ca00   13158   13414   00000   00000   00000   00000   00000   00000
066ca10   00000   00000   00000   00000   00000   00000   00000   00000
*
068ce00   13416   13672   00000   00000   00000   00000   00000   00000
068ce10   00000   00000   00000   00000   00000   00000   00000   00000
*
06ad200   13674   13930   00000   00000   00000   00000   00000   00000
06ad210   00000   00000   00000   00000   00000   00000   00000   00000
*
06cd600   13932   14188   00000   00000   00000   00000   00000   00000
06cd610   00000   00000   00000   00000   00000   00000   00000   00000
*
06eda00   14190   14446   00000   00000   00000   00000   00000   00000
06eda10   00000   00000   00000   00000   00000   00000   00000   00000
*
070de00   14448   14704   00000   00000   00000   00000   00000   00000
070de10   00000   00000   00000   00000   00000   00000   00000   00000
*
072e200   14706   14962   00000   00000   00000   00000   00000   00000
072e210   00000   00000   00000   00000   00000   00000   00000   00000
*
074e600   14964   15220   00000   00000   00000   00000   00000   00000
074e610   00000   00000   00000   00000   00000   00000   00000   00000
*
076ea00   15222   15478   00000   00000   00000   00000   00000   00000
076ea10   00000   00000   00000   00000   00000   00000   00000   00000
*
078ee00   15480   15736   00000   00000   00000   00000   00000   00000
078ee10   00000   00000   00000   00000   00000   00000   00000   00000
*
07af200   15738   15994   00000   00000   00000   00000   00000   00000
07af210   00000   00000   00000   00000   00000   00000   00000   00000
*
07cf600   15996   16252   00000   00000   00000   00000   00000   00000
07cf610   00000   00000   00000   00000   00000   00000   00000   00000
*
07efa00   16254   00000   00000   00000   00000   00000   00000   00000
07efa10   00000   00000   00000   00000   00000   00000   00000   00000
*
07efc00
